1 124.687763 52.354621 0 0
2 124.683234 52.358635 0 2
3 124.681449 52.360227 0 2
4 124.681173 52.360495 0 2
5 124.680893 52.360711 0 2
6 124.680953 52.360737 0 2
7 124.679557 52.362563 0 2
8 124.675759 52.367458 0 2
9 124.674926 52.36844 0 2
10 124.673923 52.369241 0 2
11 124.672874 52.369821 0 2
12 124.668966 52.371823 0 2
13 124.668343 52.372157 0 2
14 124.667479 52.372726 0 2
15 124.664962 52.374835 0 2
16 124.663137 52.376433 0 2
17 124.661877 52.377282 0 2
18 124.660589 52.377926 0 2
19 124.652554 52.38172 0 2
20 124.64483 52.385166 0 2
21 124.643342 52.385826 0 2
22 124.643111 52.38595 0 2
23 124.642997 52.386155 0 2
24 124.642967 52.38658 0 2
25 124.643005 52.386681 0 2
26 124.64311 52.386814 0 2
27 124.644993 52.388636 0 2
28 124.646345 52.389831 0 2
29 124.649282 52.39267 0 2
30 124.649949 52.393269 0 2
31 124.653293 52.396397 0 2
32 124.653578 52.396572 0 2
33 124.653893 52.396674 0 2
34 124.659277 52.397674 0 2
35 124.659587 52.397773 0 2
36 124.65986 52.397906 0 2
37 124.665081 52.40125 0 2
38 124.665368 52.401403 0 2
39 124.665728 52.401509 0 2
40 124.668012 52.402069 0 2
41 124.668206 52.402098 0 2
44 124.668302 52.402066 0 2
45 124.668139 52.40190 0 2
46 124.665794 52.39639 0 2
47 124.665799 52.395841 0 2
48 124.666754 52.392444 0 2
49 124.667175 52.391851 0 2
50 124.668349 52.391009 0 2
51 124.668932 52.390753 0 2
52 124.672494 52.389785 0 2
53 124.673654 52.389404 0 2
54 124.676148 52.387788 0 2
55 124.677035 52.387395 0 2
56 124.683956 52.385214 0 2
57 124.685799 52.384283 0 1